Pillac_TRSP_R4

INFO
CREW COUNT  SKILLS    TOOLS   SPARE PARTS
       11        0        0             0

DEPOT TECHNICIANS AND REQUESTS
ID           X        Y     TWS     TWE    Serv     SKILLS   TOOLS    SPARE PARTS
0          0.0      0.0   420.0  1140.0     0.0 	[] 	[] 	[]
1          0.0      0.0   420.0  1140.0     0.0 	[] 	[] 	[]
2          0.0      0.0   420.0  1140.0     0.0 	[] 	[] 	[]
3          0.0      0.0   420.0  1140.0     0.0 	[] 	[] 	[]
4          0.0      0.0   420.0  1140.0     0.0 	[] 	[] 	[]
5          0.0      0.0   420.0  1140.0     0.0 	[] 	[] 	[]
6          0.0      0.0   420.0  1140.0     0.0 	[] 	[] 	[]
7          0.0      0.0   420.0  1140.0     0.0 	[] 	[] 	[]
8          0.0      0.0   420.0  1140.0     0.0 	[] 	[] 	[]
9          0.0      0.0   420.0  1140.0     0.0 	[] 	[] 	[]
10         0.0      0.0   420.0  1140.0     0.0 	[] 	[] 	[]
11         0.0      0.0   420.0  1140.0     0.0 	[] 	[] 	[]
12         0.0      0.0   525.0   540.0    45.0 	[] 	[] 	[]
13         0.0      0.0     0.0  1080.0    45.0 	[] 	[] 	[]
14         0.0      0.0     0.0  1014.0    45.0 	[] 	[] 	[]
15         0.0      0.0     0.0  1440.0    45.0 	[] 	[] 	[]
16         0.0      0.0     0.0  1080.0    45.0 	[] 	[] 	[]
17         0.0      0.0   885.0   900.0    45.0 	[] 	[] 	[]
18         0.0      0.0     0.0  1440.0    45.0 	[] 	[] 	[]
19         0.0      0.0   465.0   480.0    90.0 	[] 	[] 	[]
20         0.0      0.0   585.0   600.0    90.0 	[] 	[] 	[]
21         0.0      0.0   765.0   780.0    90.0 	[] 	[] 	[]
22         0.0      0.0   765.0   780.0    90.0 	[] 	[] 	[]
23         0.0      0.0   585.0   600.0    90.0 	[] 	[] 	[]
24         0.0      0.0   465.0   480.0    90.0 	[] 	[] 	[]
25         0.0      0.0   765.0   780.0    90.0 	[] 	[] 	[]
26         0.0      0.0   585.0   600.0    90.0 	[] 	[] 	[]
27         0.0      0.0   885.0   900.0    90.0 	[] 	[] 	[]
28         0.0      0.0   765.0   780.0    90.0 	[] 	[] 	[]
29         0.0      0.0   885.0   900.0    90.0 	[] 	[] 	[]
30         0.0      0.0   765.0   780.0    90.0 	[] 	[] 	[]
31         0.0      0.0   765.0   780.0    90.0 	[] 	[] 	[]
32         0.0      0.0     0.0  1440.0    90.0 	[] 	[] 	[]
33         0.0      0.0     0.0  1440.0    90.0 	[] 	[] 	[]
34         0.0      0.0   525.0   540.0    45.0 	[] 	[] 	[]
35         0.0      0.0     0.0  1440.0    45.0 	[] 	[] 	[]
36         0.0      0.0   825.0   840.0    45.0 	[] 	[] 	[]
37         0.0      0.0     0.0  1440.0    45.0 	[] 	[] 	[]
38         0.0      0.0     0.0  1440.0    45.0 	[] 	[] 	[]
39         0.0      0.0     0.0  1440.0    45.0 	[] 	[] 	[]
40         0.0      0.0     0.0  1440.0    45.0 	[] 	[] 	[]
41         0.0      0.0   465.0   480.0    45.0 	[] 	[] 	[]
42         0.0      0.0     0.0   701.0    45.0 	[] 	[] 	[]
43         0.0      0.0   795.0   810.0    45.0 	[] 	[] 	[]
44         0.0      0.0     0.0  1440.0    45.0 	[] 	[] 	[]
45         0.0      0.0   795.0   810.0    45.0 	[] 	[] 	[]
46         0.0      0.0     0.0  1440.0    45.0 	[] 	[] 	[]
47         0.0      0.0     0.0  1440.0    45.0 	[] 	[] 	[]
48         0.0      0.0     0.0  1440.0    45.0 	[] 	[] 	[]
49         0.0      0.0   585.0   600.0    90.0 	[] 	[] 	[]
50         0.0      0.0   885.0   900.0    90.0 	[] 	[] 	[]
51         0.0      0.0   765.0   780.0    90.0 	[] 	[] 	[]
52         0.0      0.0   765.0   780.0    90.0 	[] 	[] 	[]
DISTANCES
0;0.0000;0.0000;0.0000;0.0000;0.0000;0.0000;0.0000;0.0000;0.0000;0.0000;0.0000;0.0000;60.4300;24.4900;21.3700;43.0400;33.1000;36.5000;27.9300;6.2200;4.1200;8.3100;5.0500;41.1900;14.1700;38.7000;46.6500;42.9200;12.7600;16.8700;40.5200;1.4300;76.7200;21.6600;21.6600;15.5800;10.2800;0.6300;29.2000;24.7400;9.3600;17.6600;33.7200;40.1700;46.5600;38.3300;21.6600;45.9000;40.9700;64.5300;54.0300;31.5500;46.9700;0.0000;0.0000;0.0000;0.0000;0.0000;0.0000;0.0000;0.0000;0.0000;0.0000;0.0000;0.0000;0.0000;0.0000;0.0000;0.0000;0.0000;0.0000;0.0000;0.0000;0.0000;0.0000
1;0.0000;0.0000;0.0000;0.0000;0.0000;0.0000;0.0000;0.0000;0.0000;0.0000;0.0000;0.0000;60.4300;24.4900;21.3700;43.0400;33.1000;36.5000;27.9300;6.2200;4.1200;8.3100;5.0500;41.1900;14.1700;38.7000;46.6500;42.9200;12.7600;16.8700;40.5200;1.4300;76.7200;21.6600;21.6600;15.5800;10.2800;0.6300;29.2000;24.7400;9.3600;17.6600;33.7200;40.1700;46.5600;38.3300;21.6600;45.9000;40.9700;64.5300;54.0300;31.5500;46.9700;0.0000;0.0000;0.0000;0.0000;0.0000;0.0000;0.0000;0.0000;0.0000;0.0000;0.0000;0.0000;0.0000;0.0000;0.0000;0.0000;0.0000;0.0000;0.0000;0.0000;0.0000;0.0000
2;0.0000;0.0000;0.0000;0.0000;0.0000;0.0000;0.0000;0.0000;0.0000;0.0000;0.0000;0.0000;60.4300;24.4900;21.3700;43.0400;33.1000;36.5000;27.9300;6.2200;4.1200;8.3100;5.0500;41.1900;14.1700;38.7000;46.6500;42.9200;12.7600;16.8700;40.5200;1.4300;76.7200;21.6600;21.6600;15.5800;10.2800;0.6300;29.2000;24.7400;9.3600;17.6600;33.7200;40.1700;46.5600;38.3300;21.6600;45.9000;40.9700;64.5300;54.0300;31.5500;46.9700;0.0000;0.0000;0.0000;0.0000;0.0000;0.0000;0.0000;0.0000;0.0000;0.0000;0.0000;0.0000;0.0000;0.0000;0.0000;0.0000;0.0000;0.0000;0.0000;0.0000;0.0000;0.0000
3;0.0000;0.0000;0.0000;0.0000;0.0000;0.0000;0.0000;0.0000;0.0000;0.0000;0.0000;0.0000;60.4300;24.4900;21.3700;43.0400;33.1000;36.5000;27.9300;6.2200;4.1200;8.3100;5.0500;41.1900;14.1700;38.7000;46.6500;42.9200;12.7600;16.8700;40.5200;1.4300;76.7200;21.6600;21.6600;15.5800;10.2800;0.6300;29.2000;24.7400;9.3600;17.6600;33.7200;40.1700;46.5600;38.3300;21.6600;45.9000;40.9700;64.5300;54.0300;31.5500;46.9700;0.0000;0.0000;0.0000;0.0000;0.0000;0.0000;0.0000;0.0000;0.0000;0.0000;0.0000;0.0000;0.0000;0.0000;0.0000;0.0000;0.0000;0.0000;0.0000;0.0000;0.0000;0.0000
4;0.0000;0.0000;0.0000;0.0000;0.0000;0.0000;0.0000;0.0000;0.0000;0.0000;0.0000;0.0000;60.4300;24.4900;21.3700;43.0400;33.1000;36.5000;27.9300;6.2200;4.1200;8.3100;5.0500;41.1900;14.1700;38.7000;46.6500;42.9200;12.7600;16.8700;40.5200;1.4300;76.7200;21.6600;21.6600;15.5800;10.2800;0.6300;29.2000;24.7400;9.3600;17.6600;33.7200;40.1700;46.5600;38.3300;21.6600;45.9000;40.9700;64.5300;54.0300;31.5500;46.9700;0.0000;0.0000;0.0000;0.0000;0.0000;0.0000;0.0000;0.0000;0.0000;0.0000;0.0000;0.0000;0.0000;0.0000;0.0000;0.0000;0.0000;0.0000;0.0000;0.0000;0.0000;0.0000
5;0.0000;0.0000;0.0000;0.0000;0.0000;0.0000;0.0000;0.0000;0.0000;0.0000;0.0000;0.0000;60.4300;24.4900;21.3700;43.0400;33.1000;36.5000;27.9300;6.2200;4.1200;8.3100;5.0500;41.1900;14.1700;38.7000;46.6500;42.9200;12.7600;16.8700;40.5200;1.4300;76.7200;21.6600;21.6600;15.5800;10.2800;0.6300;29.2000;24.7400;9.3600;17.6600;33.7200;40.1700;46.5600;38.3300;21.6600;45.9000;40.9700;64.5300;54.0300;31.5500;46.9700;0.0000;0.0000;0.0000;0.0000;0.0000;0.0000;0.0000;0.0000;0.0000;0.0000;0.0000;0.0000;0.0000;0.0000;0.0000;0.0000;0.0000;0.0000;0.0000;0.0000;0.0000;0.0000
6;0.0000;0.0000;0.0000;0.0000;0.0000;0.0000;0.0000;0.0000;0.0000;0.0000;0.0000;0.0000;60.4300;24.4900;21.3700;43.0400;33.1000;36.5000;27.9300;6.2200;4.1200;8.3100;5.0500;41.1900;14.1700;38.7000;46.6500;42.9200;12.7600;16.8700;40.5200;1.4300;76.7200;21.6600;21.6600;15.5800;10.2800;0.6300;29.2000;24.7400;9.3600;17.6600;33.7200;40.1700;46.5600;38.3300;21.6600;45.9000;40.9700;64.5300;54.0300;31.5500;46.9700;0.0000;0.0000;0.0000;0.0000;0.0000;0.0000;0.0000;0.0000;0.0000;0.0000;0.0000;0.0000;0.0000;0.0000;0.0000;0.0000;0.0000;0.0000;0.0000;0.0000;0.0000;0.0000
7;0.0000;0.0000;0.0000;0.0000;0.0000;0.0000;0.0000;0.0000;0.0000;0.0000;0.0000;0.0000;60.4300;24.4900;21.3700;43.0400;33.1000;36.5000;27.9300;6.2200;4.1200;8.3100;5.0500;41.1900;14.1700;38.7000;46.6500;42.9200;12.7600;16.8700;40.5200;1.4300;76.7200;21.6600;21.6600;15.5800;10.2800;0.6300;29.2000;24.7400;9.3600;17.6600;33.7200;40.1700;46.5600;38.3300;21.6600;45.9000;40.9700;64.5300;54.0300;31.5500;46.9700;0.0000;0.0000;0.0000;0.0000;0.0000;0.0000;0.0000;0.0000;0.0000;0.0000;0.0000;0.0000;0.0000;0.0000;0.0000;0.0000;0.0000;0.0000;0.0000;0.0000;0.0000;0.0000
8;0.0000;0.0000;0.0000;0.0000;0.0000;0.0000;0.0000;0.0000;0.0000;0.0000;0.0000;0.0000;60.4300;24.4900;21.3700;43.0400;33.1000;36.5000;27.9300;6.2200;4.1200;8.3100;5.0500;41.1900;14.1700;38.7000;46.6500;42.9200;12.7600;16.8700;40.5200;1.4300;76.7200;21.6600;21.6600;15.5800;10.2800;0.6300;29.2000;24.7400;9.3600;17.6600;33.7200;40.1700;46.5600;38.3300;21.6600;45.9000;40.9700;64.5300;54.0300;31.5500;46.9700;0.0000;0.0000;0.0000;0.0000;0.0000;0.0000;0.0000;0.0000;0.0000;0.0000;0.0000;0.0000;0.0000;0.0000;0.0000;0.0000;0.0000;0.0000;0.0000;0.0000;0.0000;0.0000
9;0.0000;0.0000;0.0000;0.0000;0.0000;0.0000;0.0000;0.0000;0.0000;0.0000;0.0000;0.0000;60.4300;24.4900;21.3700;43.0400;33.1000;36.5000;27.9300;6.2200;4.1200;8.3100;5.0500;41.1900;14.1700;38.7000;46.6500;42.9200;12.7600;16.8700;40.5200;1.4300;76.7200;21.6600;21.6600;15.5800;10.2800;0.6300;29.2000;24.7400;9.3600;17.6600;33.7200;40.1700;46.5600;38.3300;21.6600;45.9000;40.9700;64.5300;54.0300;31.5500;46.9700;0.0000;0.0000;0.0000;0.0000;0.0000;0.0000;0.0000;0.0000;0.0000;0.0000;0.0000;0.0000;0.0000;0.0000;0.0000;0.0000;0.0000;0.0000;0.0000;0.0000;0.0000;0.0000
10;0.0000;0.0000;0.0000;0.0000;0.0000;0.0000;0.0000;0.0000;0.0000;0.0000;0.0000;0.0000;60.4300;24.4900;21.3700;43.0400;33.1000;36.5000;27.9300;6.2200;4.1200;8.3100;5.0500;41.1900;14.1700;38.7000;46.6500;42.9200;12.7600;16.8700;40.5200;1.4300;76.7200;21.6600;21.6600;15.5800;10.2800;0.6300;29.2000;24.7400;9.3600;17.6600;33.7200;40.1700;46.5600;38.3300;21.6600;45.9000;40.9700;64.5300;54.0300;31.5500;46.9700;0.0000;0.0000;0.0000;0.0000;0.0000;0.0000;0.0000;0.0000;0.0000;0.0000;0.0000;0.0000;0.0000;0.0000;0.0000;0.0000;0.0000;0.0000;0.0000;0.0000;0.0000;0.0000
11;0.0000;0.0000;0.0000;0.0000;0.0000;0.0000;0.0000;0.0000;0.0000;0.0000;0.0000;0.0000;60.4300;24.4900;21.3700;43.0400;33.1000;36.5000;27.9300;6.2200;4.1200;8.3100;5.0500;41.1900;14.1700;38.7000;46.6500;42.9200;12.7600;16.8700;40.5200;1.4300;76.7200;21.6600;21.6600;15.5800;10.2800;0.6300;29.2000;24.7400;9.3600;17.6600;33.7200;40.1700;46.5600;38.3300;21.6600;45.9000;40.9700;64.5300;54.0300;31.5500;46.9700;0.0000;0.0000;0.0000;0.0000;0.0000;0.0000;0.0000;0.0000;0.0000;0.0000;0.0000;0.0000;0.0000;0.0000;0.0000;0.0000;0.0000;0.0000;0.0000;0.0000;0.0000;0.0000
12;60.4300;60.4300;60.4300;60.4300;60.4300;60.4300;60.4300;60.4300;60.4300;60.4300;60.4300;60.4300;0.0000;39.3900;39.5900;44.0700;35.9100;26.9100;37.2600;65.9410;64.1700;56.1300;64.7710;27.5500;46.2600;29.3400;31.4900;29.8600;48.1000;48.1900;26.3100;60.3500;111.4200;42.8000;42.8000;46.6600;53.7900;59.8000;51.5500;53.2100;56.0400;58.2700;27.6200;28.6000;21.0100;30.2300;42.8000;27.4500;28.9500;64.7000;80.1800;28.8800;59.5800;60.4300;60.4300;60.4300;60.4300;60.4300;60.4300;60.4300;60.4300;60.4300;60.4300;60.4300;60.4300;60.4300;60.4300;60.4300;60.4300;60.4300;60.4300;60.4300;60.4300;60.4300;60.4300
13;24.4900;24.4900;24.4900;24.4900;24.4900;24.4900;24.4900;24.4900;24.4900;24.4900;24.4900;24.4900;39.3900;0.0000;8.0300;43.5500;12.1000;15.4600;6.9300;30.5610;28.4210;20.1900;29.3910;23.2800;10.8200;22.7000;27.7000;25.1400;12.2400;12.1700;22.7800;24.3800;85.1400;6.7600;6.7600;10.6400;17.8000;23.8600;30.0800;23.3900;20.1000;22.3100;17.9800;22.3900;24.3000;14.1000;6.7600;24.8600;23.9200;65.9100;53.2100;10.5100;48.3000;24.4900;24.4900;24.4900;24.4900;24.4900;24.4900;24.4900;24.4900;24.4900;24.4900;24.4900;24.4900;24.4900;24.4900;24.4900;24.4900;24.4900;24.4900;24.4900;24.4900;24.4900;24.4900
14;21.3700;21.3700;21.3700;21.3700;21.3700;21.3700;21.3700;21.3700;21.3700;21.3700;21.3700;21.3700;39.5900;8.0300;0.0000;36.3600;16.6000;19.9600;11.4300;27.2300;25.1100;17.1000;26.0600;31.1300;7.2000;29.9900;35.7300;32.8300;9.1500;10.5300;30.5900;21.2900;82.0500;5.1200;5.1200;9.0000;16.1600;20.7700;28.4400;21.7500;17.0100;20.6700;12.3500;30.0800;31.9900;21.7900;5.1200;29.3600;31.6100;57.8800;50.1200;15.0100;40.3200;21.3700;21.3700;21.3700;21.3700;21.3700;21.3700;21.3700;21.3700;21.3700;21.3700;21.3700;21.3700;21.3700;21.3700;21.3700;21.3700;21.3700;21.3700;21.3700;21.3700;21.3700;21.3700
15;43.0400;43.0400;43.0400;43.0400;43.0400;43.0400;43.0400;43.0400;43.0400;43.0400;43.0400;43.0400;44.0700;43.5500;36.3600;0.0000;41.1200;36.9200;41.4700;48.7800;46.6800;38.7700;47.6100;57.8800;34.6700;57.3700;62.3000;59.7900;32.7200;44.9800;57.3800;42.9600;70.5400;41.4300;41.4300;43.6900;43.0500;42.4400;59.1100;52.4200;38.6800;48.8900;25.9500;57.0400;59.3000;49.1600;41.4300;51.3900;58.3300;41.3500;40.8200;34.2100;24.7000;43.0400;43.0400;43.0400;43.0400;43.0400;43.0400;43.0400;43.0400;43.0400;43.0400;43.0400;43.0400;43.0400;43.0400;43.0400;43.0400;43.0400;43.0400;43.0400;43.0400;43.0400;43.0400
16;33.1000;33.1000;33.1000;33.1000;33.1000;33.1000;33.1000;33.1000;33.1000;33.1000;33.1000;33.1000;35.9100;12.1000;16.6000;41.1200;0.0000;11.9800;7.3500;39.1710;37.0310;28.8000;38.0010;18.3700;19.4300;17.8600;22.7900;20.2800;20.8500;20.7800;17.8700;32.9900;93.7500;15.3700;15.3700;19.2500;26.4100;32.4700;38.6900;32.0000;28.7100;30.9200;15.5200;17.5300;19.3900;9.6500;15.3700;15.2600;19.0600;64.7900;61.8200;7.0300;51.1800;33.1000;33.1000;33.1000;33.1000;33.1000;33.1000;33.1000;33.1000;33.1000;33.1000;33.1000;33.1000;33.1000;33.1000;33.1000;33.1000;33.1000;33.1000;33.1000;33.1000;33.1000;33.1000
17;36.5000;36.5000;36.5000;36.5000;36.5000;36.5000;36.5000;36.5000;36.5000;36.5000;36.5000;36.5000;26.9100;15.4600;19.9600;36.9200;11.9800;0.0000;13.3300;42.0110;40.2400;32.2000;40.8410;28.7400;22.3300;28.1600;33.1600;30.6000;24.1700;24.2600;28.2400;36.4200;96.2500;18.8700;18.8700;22.7300;29.8600;35.8700;42.3100;35.5100;32.1100;34.3400;11.3200;27.8500;30.0400;20.0100;18.8700;22.6800;29.0700;60.5900;65.2500;4.9500;46.9800;36.5000;36.5000;36.5000;36.5000;36.5000;36.5000;36.5000;36.5000;36.5000;36.5000;36.5000;36.5000;36.5000;36.5000;36.5000;36.5000;36.5000;36.5000;36.5000;36.5000;36.5000;36.5000
18;27.9300;27.9300;27.9300;27.9300;27.9300;27.9300;27.9300;27.9300;27.9300;27.9300;27.9300;27.9300;37.2600;6.9300;11.4300;41.4700;7.3500;13.3300;0.0000;34.0010;31.8610;23.6300;32.8310;23.2200;14.2600;22.7100;27.6400;25.1300;15.6800;15.6100;22.7200;27.8200;88.5800;10.2000;10.2000;14.0800;21.2400;27.3000;33.5200;26.8300;23.5400;25.7500;15.8500;22.3800;24.2400;14.5000;10.2000;20.1100;23.9100;65.1200;56.6500;8.3800;51.5100;27.9300;27.9300;27.9300;27.9300;27.9300;27.9300;27.9300;27.9300;27.9300;27.9300;27.9300;27.9300;27.9300;27.9300;27.9300;27.9300;27.9300;27.9300;27.9300;27.9300;27.9300;27.9300
19;6.2200;6.2200;6.2200;6.2200;6.2200;6.2200;6.2200;6.2200;6.2200;6.2200;6.2200;6.2200;65.9410;30.5610;27.2300;48.7800;39.1710;42.0110;34.0010;0.0000;3.0300;10.8400;1.4300;46.6110;20.0300;44.5210;52.4710;48.5210;18.4700;23.0900;46.1110;7.0900;70.5000;26.0810;26.0810;21.8000;16.5000;6.8500;35.4200;30.9600;14.8800;23.0300;39.4510;45.7710;52.1510;43.8410;26.0810;51.4110;46.5610;64.1400;49.4700;37.0610;52.7100;6.2200;6.2200;6.2200;6.2200;6.2200;6.2200;6.2200;6.2200;6.2200;6.2200;6.2200;6.2200;6.2200;6.2200;6.2200;6.2200;6.2200;6.2200;6.2200;6.2200;6.2200;6.2200
20;4.1200;4.1200;4.1200;4.1200;4.1200;4.1200;4.1200;4.1200;4.1200;4.1200;4.1200;4.1200;64.1700;28.4210;25.1100;46.6800;37.0310;40.2400;31.8610;3.0300;0.0000;11.8400;1.6900;45.1310;17.9100;42.8200;50.7700;47.0400;16.3500;20.9900;44.6400;4.9700;73.5300;24.6110;24.6110;19.7000;14.4000;4.7300;33.3200;28.3000;12.9800;20.0700;37.4600;44.2900;50.6800;42.0700;24.6110;49.6400;45.0900;66.5500;51.8800;35.2900;50.5900;4.1200;4.1200;4.1200;4.1200;4.1200;4.1200;4.1200;4.1200;4.1200;4.1200;4.1200;4.1200;4.1200;4.1200;4.1200;4.1200;4.1200;4.1200;4.1200;4.1200;4.1200;4.1200
21;8.3100;8.3100;8.3100;8.3100;8.3100;8.3100;8.3100;8.3100;8.3100;8.3100;8.3100;8.3100;56.1300;20.1900;17.1000;38.7700;28.8000;32.2000;23.6300;10.8400;11.8400;0.0000;11.1700;42.6900;9.9900;40.2000;47.8900;44.4200;8.4300;18.3700;42.0200;8.2300;77.6600;17.3600;17.3600;17.0800;11.8200;7.7100;30.7400;26.2900;4.0400;19.2000;29.4500;41.6700;44.2300;34.0300;17.3600;41.6000;42.4700;60.2300;48.1500;27.2500;42.6700;8.3100;8.3100;8.3100;8.3100;8.3100;8.3100;8.3100;8.3100;8.3100;8.3100;8.3100;8.3100;8.3100;8.3100;8.3100;8.3100;8.3100;8.3100;8.3100;8.3100;8.3100;8.3100
22;5.0500;5.0500;5.0500;5.0500;5.0500;5.0500;5.0500;5.0500;5.0500;5.0500;5.0500;5.0500;64.7710;29.3910;26.0600;47.6100;38.0010;40.8410;32.8310;1.4300;1.6900;11.1700;0.0000;45.4310;18.8600;43.3610;51.3110;47.3510;17.3000;21.9200;44.9310;5.9200;71.9300;24.9110;24.9110;20.6300;15.3300;5.6800;34.2500;29.7900;13.9300;21.7600;38.2810;44.6010;50.9810;42.6710;24.9110;50.2410;45.3910;65.5700;50.9000;35.8910;51.5400;5.0500;5.0500;5.0500;5.0500;5.0500;5.0500;5.0500;5.0500;5.0500;5.0500;5.0500;5.0500;5.0500;5.0500;5.0500;5.0500;5.0500;5.0500;5.0500;5.0500;5.0500;5.0500
23;41.1900;41.1900;41.1900;41.1900;41.1900;41.1900;41.1900;41.1900;41.1900;41.1900;41.1900;41.1900;27.5500;23.2800;31.1300;57.8800;18.3700;28.7400;23.2200;46.6110;45.1310;42.6900;45.4310;0.0000;33.5000;2.7500;6.4900;3.4300;35.3400;24.3500;1.6700;40.3900;108.3500;29.8800;29.8800;25.6100;32.7700;41.3800;24.9100;27.3900;43.2800;34.8700;32.6300;1.0500;7.7200;9.3400;29.8800;22.2300;2.5200;81.7100;76.3300;23.9500;68.2900;41.1900;41.1900;41.1900;41.1900;41.1900;41.1900;41.1900;41.1900;41.1900;41.1900;41.1900;41.1900;41.1900;41.1900;41.1900;41.1900;41.1900;41.1900;41.1900;41.1900;41.1900;41.1900
24;14.1700;14.1700;14.1700;14.1700;14.1700;14.1700;14.1700;14.1700;14.1700;14.1700;14.1700;14.1700;46.2600;10.8200;7.2000;34.6700;19.4300;22.3300;14.2600;20.0300;17.9100;9.9900;18.8600;33.5000;0.0000;32.3600;38.5200;35.2000;1.9500;12.9000;32.9600;14.0900;74.8500;7.4900;7.4900;11.3700;9.9800;13.5700;26.0400;19.3500;9.8100;15.8200;19.5500;32.4500;34.3600;24.1600;7.4900;31.7300;33.9800;55.7100;42.9200;17.3800;38.1500;14.1700;14.1700;14.1700;14.1700;14.1700;14.1700;14.1700;14.1700;14.1700;14.1700;14.1700;14.1700;14.1700;14.1700;14.1700;14.1700;14.1700;14.1700;14.1700;14.1700;14.1700;14.1700
25;38.7000;38.7000;38.7000;38.7000;38.7000;38.7000;38.7000;38.7000;38.7000;38.7000;38.7000;38.7000;29.3400;22.7000;29.9900;57.3700;17.8600;28.1600;22.7100;44.5210;42.8200;40.2000;43.3610;2.7500;32.3600;0.0000;7.9500;4.4500;34.0900;22.0700;3.0300;37.9000;107.2100;28.6000;28.6000;23.1200;30.2800;38.8900;25.5600;25.0600;41.3100;32.3800;31.7000;1.7000;9.0800;8.6000;28.6000;21.4900;3.2300;80.9700;75.1200;23.2100;67.3600;38.7000;38.7000;38.7000;38.7000;38.7000;38.7000;38.7000;38.7000;38.7000;38.7000;38.7000;38.7000;38.7000;38.7000;38.7000;38.7000;38.7000;38.7000;38.7000;38.7000;38.7000;38.7000
26;46.6500;46.6500;46.6500;46.6500;46.6500;46.6500;46.6500;46.6500;46.6500;46.6500;46.6500;46.6500;31.4900;27.7000;35.7300;62.3000;22.7900;33.1600;27.6400;52.4710;50.7700;47.8900;51.3110;6.4900;38.5200;7.9500;0.0000;4.5500;39.9400;30.0200;7.3000;45.8500;112.8400;34.4600;34.4600;31.0700;38.2300;46.8400;28.9800;33.0100;47.8000;39.0700;38.0000;7.3000;13.3500;14.9000;34.4600;27.7900;6.3800;87.2700;80.9100;29.5100;73.6600;46.6500;46.6500;46.6500;46.6500;46.6500;46.6500;46.6500;46.6500;46.6500;46.6500;46.6500;46.6500;46.6500;46.6500;46.6500;46.6500;46.6500;46.6500;46.6500;46.6500;46.6500;46.6500
27;42.9200;42.9200;42.9200;42.9200;42.9200;42.9200;42.9200;42.9200;42.9200;42.9200;42.9200;42.9200;29.8600;25.1400;32.8300;59.7900;20.2800;30.6000;25.1300;48.5210;47.0400;44.4200;47.3510;3.4300;35.2000;4.4500;4.5500;0.0000;37.0400;26.0500;3.8100;42.1500;110.0500;31.5800;31.5800;27.5700;34.6600;43.1400;25.0200;29.0900;44.9800;35.3200;34.7600;2.7500;9.8600;11.0400;31.5800;23.9300;2.6300;83.4100;78.0300;25.6500;70.1200;42.9200;42.9200;42.9200;42.9200;42.9200;42.9200;42.9200;42.9200;42.9200;42.9200;42.9200;42.9200;42.9200;42.9200;42.9200;42.9200;42.9200;42.9200;42.9200;42.9200;42.9200;42.9200
28;12.7600;12.7600;12.7600;12.7600;12.7600;12.7600;12.7600;12.7600;12.7600;12.7600;12.7600;12.7600;48.1000;12.2400;9.1500;32.7200;20.8500;24.1700;15.6800;18.4700;16.3500;8.4300;17.3000;35.3400;1.9500;34.0900;39.9400;37.0400;0.0000;12.2600;34.8000;12.6800;73.3800;9.3300;9.3300;10.9700;10.8100;12.1600;26.8700;20.1800;8.4000;16.6500;21.5000;34.2900;36.2000;26.0000;9.3300;33.5700;35.8200;54.2400;41.4500;19.2200;36.6800;12.7600;12.7600;12.7600;12.7600;12.7600;12.7600;12.7600;12.7600;12.7600;12.7600;12.7600;12.7600;12.7600;12.7600;12.7600;12.7600;12.7600;12.7600;12.7600;12.7600;12.7600;12.7600
29;16.8700;16.8700;16.8700;16.8700;16.8700;16.8700;16.8700;16.8700;16.8700;16.8700;16.8700;16.8700;48.1900;12.1700;10.5300;44.9800;20.7800;24.2600;15.6100;23.0900;20.9900;18.3700;21.9200;24.3500;12.9000;22.0700;30.0200;26.0500;12.2600;0.0000;23.6500;16.1000;85.6400;8.3300;8.3300;1.5300;8.6100;17.0900;21.1200;11.5700;19.4900;13.1200;21.7000;23.3000;29.6900;26.0900;8.3300;33.6600;24.1000;66.5000;53.3000;19.3100;48.9400;16.8700;16.8700;16.8700;16.8700;16.8700;16.8700;16.8700;16.8700;16.8700;16.8700;16.8700;16.8700;16.8700;16.8700;16.8700;16.8700;16.8700;16.8700;16.8700;16.8700;16.8700;16.8700
30;40.5200;40.5200;40.5200;40.5200;40.5200;40.5200;40.5200;40.5200;40.5200;40.5200;40.5200;40.5200;26.3100;22.7800;30.5900;57.3800;17.8700;28.2400;22.7200;46.1110;44.6400;42.0200;44.9310;1.6700;32.9600;3.0300;7.3000;3.8100;34.8000;23.6500;0.0000;39.7500;107.8100;29.3400;29.3400;25.1800;32.2600;40.7400;25.6800;27.3400;42.7400;34.6600;31.9000;2.7200;6.4900;8.8000;29.3400;21.6900;3.0800;81.1700;75.7900;23.4100;67.5600;40.5200;40.5200;40.5200;40.5200;40.5200;40.5200;40.5200;40.5200;40.5200;40.5200;40.5200;40.5200;40.5200;40.5200;40.5200;40.5200;40.5200;40.5200;40.5200;40.5200;40.5200;40.5200
31;1.4300;1.4300;1.4300;1.4300;1.4300;1.4300;1.4300;1.4300;1.4300;1.4300;1.4300;1.4300;60.3500;24.3800;21.2900;42.9600;32.9900;36.4200;27.8200;7.0900;4.9700;8.2300;5.9200;40.3900;14.0900;37.9000;45.8500;42.1500;12.6800;16.1000;39.7500;0.0000;77.5900;21.4300;21.4300;14.7800;9.5200;0.9900;28.4400;23.9900;9.7200;16.9000;33.6400;39.4000;45.7900;38.2500;21.4300;45.8200;40.2000;64.8900;54.1300;31.4700;47.3300;1.4300;1.4300;1.4300;1.4300;1.4300;1.4300;1.4300;1.4300;1.4300;1.4300;1.4300;1.4300;1.4300;1.4300;1.4300;1.4300;1.4300;1.4300;1.4300;1.4300;1.4300;1.4300
32;76.7200;76.7200;76.7200;76.7200;76.7200;76.7200;76.7200;76.7200;76.7200;76.7200;76.7200;76.7200;111.4200;85.1400;82.0500;70.5400;93.7500;96.2500;88.5800;70.5000;73.5300;77.6600;71.9300;108.3500;74.8500;107.2100;112.8400;110.0500;73.3800;85.6400;107.8100;77.5900;0.0000;82.3400;82.3400;84.3500;84.1900;77.3500;100.2500;93.5600;74.5700;90.0300;84.9300;107.3000;109.2100;99.0100;82.3400;106.5800;108.8300;51.9300;37.3300;92.2300;60.0700;76.7200;76.7200;76.7200;76.7200;76.7200;76.7200;76.7200;76.7200;76.7200;76.7200;76.7200;76.7200;76.7200;76.7200;76.7200;76.7200;76.7200;76.7200;76.7200;76.7200;76.7200;76.7200
33;21.6600;21.6600;21.6600;21.6600;21.6600;21.6600;21.6600;21.6600;21.6600;21.6600;21.6600;21.6600;42.8000;6.7600;5.1200;41.4300;15.3700;18.8700;10.2000;26.0810;24.6110;17.3600;24.9110;29.8800;7.4900;28.6000;34.4600;31.5800;9.3300;8.3300;29.3400;21.4300;82.3400;0.0000;0.0000;6.8000;13.9300;21.0600;26.2400;19.5500;17.0500;18.4100;16.3100;28.8300;31.0200;20.5400;0.0000;28.2700;29.8300;63.0000;50.1600;13.9200;45.4400;21.6600;21.6600;21.6600;21.6600;21.6600;21.6600;21.6600;21.6600;21.6600;21.6600;21.6600;21.6600;21.6600;21.6600;21.6600;21.6600;21.6600;21.6600;21.6600;21.6600;21.6600;21.6600
34;21.6600;21.6600;21.6600;21.6600;21.6600;21.6600;21.6600;21.6600;21.6600;21.6600;21.6600;21.6600;42.8000;6.7600;5.1200;41.4300;15.3700;18.8700;10.2000;26.0810;24.6110;17.3600;24.9110;29.8800;7.4900;28.6000;34.4600;31.5800;9.3300;8.3300;29.3400;21.4300;82.3400;0.0000;0.0000;6.8000;13.9300;21.0600;26.2400;19.5500;17.0500;18.4100;16.3100;28.8300;31.0200;20.5400;0.0000;28.2700;29.8300;63.0000;50.1600;13.9200;45.4400;21.6600;21.6600;21.6600;21.6600;21.6600;21.6600;21.6600;21.6600;21.6600;21.6600;21.6600;21.6600;21.6600;21.6600;21.6600;21.6600;21.6600;21.6600;21.6600;21.6600;21.6600;21.6600
35;15.5800;15.5800;15.5800;15.5800;15.5800;15.5800;15.5800;15.5800;15.5800;15.5800;15.5800;15.5800;46.6600;10.6400;9.0000;43.6900;19.2500;22.7300;14.0800;21.8000;19.7000;17.0800;20.6300;25.6100;11.3700;23.1200;31.0700;27.5700;10.9700;1.5300;25.1800;14.7800;84.3500;6.8000;6.8000;0.0000;7.3100;15.7700;19.5900;12.9000;18.1900;11.8200;20.1700;24.8200;31.2200;24.5600;6.8000;32.1300;25.6300;65.2100;52.0000;17.7800;47.6500;15.5800;15.5800;15.5800;15.5800;15.5800;15.5800;15.5800;15.5800;15.5800;15.5800;15.5800;15.5800;15.5800;15.5800;15.5800;15.5800;15.5800;15.5800;15.5800;15.5800;15.5800;15.5800
36;10.2800;10.2800;10.2800;10.2800;10.2800;10.2800;10.2800;10.2800;10.2800;10.2800;10.2800;10.2800;53.7900;17.8000;16.1600;43.0500;26.4100;29.8600;21.2400;16.5000;14.4000;11.8200;15.3300;32.7700;9.9800;30.2800;38.2300;34.6600;10.8100;8.6100;32.2600;9.5200;84.1900;13.9300;13.9300;7.3100;0.0000;10.5100;18.9200;15.6100;12.7800;7.3800;27.3000;31.9100;38.3000;31.6900;13.9300;39.2600;32.7100;64.5000;51.7100;24.9100;46.9400;10.2800;10.2800;10.2800;10.2800;10.2800;10.2800;10.2800;10.2800;10.2800;10.2800;10.2800;10.2800;10.2800;10.2800;10.2800;10.2800;10.2800;10.2800;10.2800;10.2800;10.2800;10.2800
37;0.6300;0.6300;0.6300;0.6300;0.6300;0.6300;0.6300;0.6300;0.6300;0.6300;0.6300;0.6300;59.8000;23.8600;20.7700;42.4400;32.4700;35.8700;27.3000;6.8500;4.7300;7.7100;5.6800;41.3800;13.5700;38.8900;46.8400;43.1400;12.1600;17.0900;40.7400;0.9900;77.3500;21.0600;21.0600;15.7700;10.5100;0.0000;29.4300;24.9800;8.7300;17.8900;33.1200;40.3900;46.7800;37.7000;21.0600;45.2700;41.1900;63.9000;53.4000;30.9200;46.3400;0.6300;0.6300;0.6300;0.6300;0.6300;0.6300;0.6300;0.6300;0.6300;0.6300;0.6300;0.6300;0.6300;0.6300;0.6300;0.6300;0.6300;0.6300;0.6300;0.6300;0.6300;0.6300
38;29.2000;29.2000;29.2000;29.2000;29.2000;29.2000;29.2000;29.2000;29.2000;29.2000;29.2000;29.2000;51.5500;30.0800;28.4400;59.1100;38.6900;42.3100;33.5200;35.4200;33.3200;30.7400;34.2500;24.9100;26.0400;25.5600;28.9800;25.0200;26.8700;21.1200;25.6800;28.4400;100.2500;26.2400;26.2400;19.5900;18.9200;29.4300;0.0000;18.3100;31.7000;13.7000;39.7600;23.8600;31.8000;32.1500;26.2400;45.0400;22.6000;81.1100;68.3200;37.3700;63.5500;29.2000;29.2000;29.2000;29.2000;29.2000;29.2000;29.2000;29.2000;29.2000;29.2000;29.2000;29.2000;29.2000;29.2000;29.2000;29.2000;29.2000;29.2000;29.2000;29.2000;29.2000;29.2000
39;24.7400;24.7400;24.7400;24.7400;24.7400;24.7400;24.7400;24.7400;24.7400;24.7400;24.7400;24.7400;53.2100;23.3900;21.7500;52.4200;32.0000;35.5100;26.8300;30.9600;28.3000;26.2900;29.7900;27.3900;19.3500;25.0600;33.0100;29.0900;20.1800;11.5700;27.3400;23.9900;93.5600;19.5500;19.5500;12.9000;15.6100;24.9800;18.3100;0.0000;27.2400;9.1700;32.9500;26.3400;32.7400;32.2500;19.5500;44.9100;27.8700;74.4200;61.0500;30.5600;56.2800;24.7400;24.7400;24.7400;24.7400;24.7400;24.7400;24.7400;24.7400;24.7400;24.7400;24.7400;24.7400;24.7400;24.7400;24.7400;24.7400;24.7400;24.7400;24.7400;24.7400;24.7400;24.7400
40;9.3600;9.3600;9.3600;9.3600;9.3600;9.3600;9.3600;9.3600;9.3600;9.3600;9.3600;9.3600;56.0400;20.1000;17.0100;38.6800;28.7100;32.1100;23.5400;14.8800;12.9800;4.0400;13.9300;43.2800;9.8100;41.3100;47.8000;44.9800;8.4000;19.4900;42.7400;9.7200;74.5700;17.0500;17.0500;18.1900;12.7800;8.7300;31.7000;27.2400;0.0000;20.1600;29.3600;42.2300;44.1400;33.9400;17.0500;41.5100;43.5900;57.7700;44.6700;27.1600;42.5800;9.3600;9.3600;9.3600;9.3600;9.3600;9.3600;9.3600;9.3600;9.3600;9.3600;9.3600;9.3600;9.3600;9.3600;9.3600;9.3600;9.3600;9.3600;9.3600;9.3600;9.3600;9.3600
41;17.6600;17.6600;17.6600;17.6600;17.6600;17.6600;17.6600;17.6600;17.6600;17.6600;17.6600;17.6600;58.2700;22.3100;20.6700;48.8900;30.9200;34.3400;25.7500;23.0300;20.0700;19.2000;21.7600;34.8700;15.8200;32.3800;39.0700;35.3200;16.6500;13.1200;34.6600;16.9000;90.0300;18.4100;18.4100;11.8200;7.3800;17.8900;13.7000;9.1700;20.1600;0.0000;31.7800;34.0800;41.1500;36.1700;18.4100;43.7400;32.6900;70.8900;58.1000;29.3900;53.3300;17.6600;17.6600;17.6600;17.6600;17.6600;17.6600;17.6600;17.6600;17.6600;17.6600;17.6600;17.6600;17.6600;17.6600;17.6600;17.6600;17.6600;17.6600;17.6600;17.6600;17.6600;17.6600
42;33.7200;33.7200;33.7200;33.7200;33.7200;33.7200;33.7200;33.7200;33.7200;33.7200;33.7200;33.7200;27.6200;17.9800;12.3500;25.9500;15.5200;11.3200;15.8500;39.4510;37.4600;29.4500;38.2810;32.6300;19.5500;31.7000;38.0000;34.7600;21.5000;21.7000;31.9000;33.6400;84.9300;16.3100;16.3100;20.1700;27.3000;33.1200;39.7600;32.9500;29.3600;31.7800;0.0000;32.0100;33.8700;24.1300;16.3100;28.3700;33.3000;50.7700;54.5200;9.1800;35.6600;33.7200;33.7200;33.7200;33.7200;33.7200;33.7200;33.7200;33.7200;33.7200;33.7200;33.7200;33.7200;33.7200;33.7200;33.7200;33.7200;33.7200;33.7200;33.7200;33.7200;33.7200;33.7200
43;40.1700;40.1700;40.1700;40.1700;40.1700;40.1700;40.1700;40.1700;40.1700;40.1700;40.1700;40.1700;28.6000;22.3900;30.0800;57.0400;17.5300;27.8500;22.3800;45.7710;44.2900;41.6700;44.6010;1.0500;32.4500;1.7000;7.3000;2.7500;34.2900;23.3000;2.7200;39.4000;107.3000;28.8300;28.8300;24.8200;31.9100;40.3900;23.8600;26.3400;42.2300;34.0800;32.0100;0.0000;8.7700;8.2900;28.8300;21.1800;1.5300;80.6600;75.2800;22.9000;67.3700;40.1700;40.1700;40.1700;40.1700;40.1700;40.1700;40.1700;40.1700;40.1700;40.1700;40.1700;40.1700;40.1700;40.1700;40.1700;40.1700;40.1700;40.1700;40.1700;40.1700;40.1700;40.1700
44;46.5600;46.5600;46.5600;46.5600;46.5600;46.5600;46.5600;46.5600;46.5600;46.5600;46.5600;46.5600;21.0100;24.3000;31.9900;59.3000;19.3900;30.0400;24.2400;52.1510;50.6800;44.2300;50.9810;7.7200;34.3600;9.0800;13.3500;9.8600;36.2000;29.6900;6.4900;45.7900;109.2100;31.0200;31.0200;31.2200;38.3000;46.7800;31.8000;32.7400;44.1400;41.1500;33.8700;8.7700;0.0000;10.4800;31.0200;23.3700;9.2000;83.0000;77.2800;25.0900;69.5300;46.5600;46.5600;46.5600;46.5600;46.5600;46.5600;46.5600;46.5600;46.5600;46.5600;46.5600;46.5600;46.5600;46.5600;46.5600;46.5600;46.5600;46.5600;46.5600;46.5600;46.5600;46.5600
45;38.3300;38.3300;38.3300;38.3300;38.3300;38.3300;38.3300;38.3300;38.3300;38.3300;38.3300;38.3300;30.2300;14.1000;21.7900;49.1600;9.6500;20.0100;14.5000;43.8410;42.0700;34.0300;42.6710;9.3400;24.1600;8.6000;14.9000;11.0400;26.0000;26.0900;8.8000;38.2500;99.0100;20.5400;20.5400;24.5600;31.6900;37.7000;32.1500;32.2500;33.9400;36.1700;24.1300;8.2900;10.4800;0.0000;20.5400;13.3400;9.8200;72.8200;66.9900;15.0600;59.5300;38.3300;38.3300;38.3300;38.3300;38.3300;38.3300;38.3300;38.3300;38.3300;38.3300;38.3300;38.3300;38.3300;38.3300;38.3300;38.3300;38.3300;38.3300;38.3300;38.3300;38.3300;38.3300
46;21.6600;21.6600;21.6600;21.6600;21.6600;21.6600;21.6600;21.6600;21.6600;21.6600;21.6600;21.6600;42.8000;6.7600;5.1200;41.4300;15.3700;18.8700;10.2000;26.0810;24.6110;17.3600;24.9110;29.8800;7.4900;28.6000;34.4600;31.5800;9.3300;8.3300;29.3400;21.4300;82.3400;0.0000;0.0000;6.8000;13.9300;21.0600;26.2400;19.5500;17.0500;18.4100;16.3100;28.8300;31.0200;20.5400;0.0000;28.2700;29.8300;63.0000;50.1600;13.9200;45.4400;21.6600;21.6600;21.6600;21.6600;21.6600;21.6600;21.6600;21.6600;21.6600;21.6600;21.6600;21.6600;21.6600;21.6600;21.6600;21.6600;21.6600;21.6600;21.6600;21.6600;21.6600;21.6600
47;45.9000;45.9000;45.9000;45.9000;45.9000;45.9000;45.9000;45.9000;45.9000;45.9000;45.9000;45.9000;27.4500;24.8600;29.3600;51.3900;15.2600;22.6800;20.1100;51.4110;49.6400;41.6000;50.2410;22.2300;31.7300;21.4900;27.7900;23.9300;33.5700;33.6600;21.6900;45.8200;106.5800;28.2700;28.2700;32.1300;39.2600;45.2700;45.0400;44.9100;41.5100;43.7400;28.3700;21.1800;23.3700;13.3400;28.2700;0.0000;22.7100;72.0200;74.5800;20.6800;63.8100;45.9000;45.9000;45.9000;45.9000;45.9000;45.9000;45.9000;45.9000;45.9000;45.9000;45.9000;45.9000;45.9000;45.9000;45.9000;45.9000;45.9000;45.9000;45.9000;45.9000;45.9000;45.9000
48;40.9700;40.9700;40.9700;40.9700;40.9700;40.9700;40.9700;40.9700;40.9700;40.9700;40.9700;40.9700;28.9500;23.9200;31.6100;58.3300;19.0600;29.0700;23.9100;46.5610;45.0900;42.4700;45.3910;2.5200;33.9800;3.2300;6.3800;2.6300;35.8200;24.1000;3.0800;40.2000;108.8300;29.8300;29.8300;25.6300;32.7100;41.1900;22.6000;27.8700;43.5900;32.6900;33.3000;1.5300;9.2000;9.8200;29.8300;22.7100;0.0000;81.8800;76.6100;24.1200;68.5900;40.9700;40.9700;40.9700;40.9700;40.9700;40.9700;40.9700;40.9700;40.9700;40.9700;40.9700;40.9700;40.9700;40.9700;40.9700;40.9700;40.9700;40.9700;40.9700;40.9700;40.9700;40.9700
49;64.5300;64.5300;64.5300;64.5300;64.5300;64.5300;64.5300;64.5300;64.5300;64.5300;64.5300;64.5300;64.7000;65.9100;57.8800;41.3500;64.7900;60.5900;65.1200;64.1400;66.5500;60.2300;65.5700;81.7100;55.7100;80.9700;87.2700;83.4100;54.2400;66.5000;81.1700;64.8900;51.9300;63.0000;63.0000;65.2100;64.5000;63.9000;81.1100;74.4200;57.7700;70.8900;50.7700;80.6600;83.0000;72.8200;63.0000;72.0200;81.8800;0.0000;20.7200;57.9100;31.8200;64.5300;64.5300;64.5300;64.5300;64.5300;64.5300;64.5300;64.5300;64.5300;64.5300;64.5300;64.5300;64.5300;64.5300;64.5300;64.5300;64.5300;64.5300;64.5300;64.5300;64.5300;64.5300
50;54.0300;54.0300;54.0300;54.0300;54.0300;54.0300;54.0300;54.0300;54.0300;54.0300;54.0300;54.0300;80.1800;53.2100;50.1200;40.8200;61.8200;65.2500;56.6500;49.4700;51.8800;48.1500;50.9000;76.3300;42.9200;75.1200;80.9100;78.0300;41.4500;53.3000;75.7900;54.1300;37.3300;50.1600;50.1600;52.0000;51.7100;53.4000;68.3200;61.0500;44.6700;58.1000;54.5200;75.2800;77.2800;66.9900;50.1600;74.5800;76.6100;20.7200;0.0000;60.3000;30.3800;54.0300;54.0300;54.0300;54.0300;54.0300;54.0300;54.0300;54.0300;54.0300;54.0300;54.0300;54.0300;54.0300;54.0300;54.0300;54.0300;54.0300;54.0300;54.0300;54.0300;54.0300;54.0300
51;31.5500;31.5500;31.5500;31.5500;31.5500;31.5500;31.5500;31.5500;31.5500;31.5500;31.5500;31.5500;28.8800;10.5100;15.0100;34.2100;7.0300;4.9500;8.3800;37.0610;35.2900;27.2500;35.8910;23.9500;17.3800;23.2100;29.5100;25.6500;19.2200;19.3100;23.4100;31.4700;92.2300;13.9200;13.9200;17.7800;24.9100;30.9200;37.3700;30.5600;27.1600;29.3900;9.1800;22.9000;25.0900;15.0600;13.9200;20.6800;24.1200;57.9100;60.3000;0.0000;44.5800;31.5500;31.5500;31.5500;31.5500;31.5500;31.5500;31.5500;31.5500;31.5500;31.5500;31.5500;31.5500;31.5500;31.5500;31.5500;31.5500;31.5500;31.5500;31.5500;31.5500;31.5500;31.5500
52;46.9700;46.9700;46.9700;46.9700;46.9700;46.9700;46.9700;46.9700;46.9700;46.9700;46.9700;46.9700;59.5800;48.3000;40.3200;24.7000;51.1800;46.9800;51.5100;52.7100;50.5900;42.6700;51.5400;68.2900;38.1500;67.3600;73.6600;70.1200;36.6800;48.9400;67.5600;47.3300;60.0700;45.4400;45.4400;47.6500;46.9400;46.3400;63.5500;56.2800;42.5800;53.3300;35.6600;67.3700;69.5300;59.5300;45.4400;63.8100;68.5900;31.8200;30.3800;44.5800;0.0000;46.9700;46.9700;46.9700;46.9700;46.9700;46.9700;46.9700;46.9700;46.9700;46.9700;46.9700;46.9700;46.9700;46.9700;46.9700;46.9700;46.9700;46.9700;46.9700;46.9700;46.9700;46.9700
53;0.0000;0.0000;0.0000;0.0000;0.0000;0.0000;0.0000;0.0000;0.0000;0.0000;0.0000;0.0000;60.4300;24.4900;21.3700;43.0400;33.1000;36.5000;27.9300;6.2200;4.1200;8.3100;5.0500;41.1900;14.1700;38.7000;46.6500;42.9200;12.7600;16.8700;40.5200;1.4300;76.7200;21.6600;21.6600;15.5800;10.2800;0.6300;29.2000;24.7400;9.3600;17.6600;33.7200;40.1700;46.5600;38.3300;21.6600;45.9000;40.9700;64.5300;54.0300;31.5500;46.9700;0.0000;0.0000;0.0000;0.0000;0.0000;0.0000;0.0000;0.0000;0.0000;0.0000;0.0000;0.0000;0.0000;0.0000;0.0000;0.0000;0.0000;0.0000;0.0000;0.0000;0.0000;0.0000
54;0.0000;0.0000;0.0000;0.0000;0.0000;0.0000;0.0000;0.0000;0.0000;0.0000;0.0000;0.0000;60.4300;24.4900;21.3700;43.0400;33.1000;36.5000;27.9300;6.2200;4.1200;8.3100;5.0500;41.1900;14.1700;38.7000;46.6500;42.9200;12.7600;16.8700;40.5200;1.4300;76.7200;21.6600;21.6600;15.5800;10.2800;0.6300;29.2000;24.7400;9.3600;17.6600;33.7200;40.1700;46.5600;38.3300;21.6600;45.9000;40.9700;64.5300;54.0300;31.5500;46.9700;0.0000;0.0000;0.0000;0.0000;0.0000;0.0000;0.0000;0.0000;0.0000;0.0000;0.0000;0.0000;0.0000;0.0000;0.0000;0.0000;0.0000;0.0000;0.0000;0.0000;0.0000;0.0000
55;0.0000;0.0000;0.0000;0.0000;0.0000;0.0000;0.0000;0.0000;0.0000;0.0000;0.0000;0.0000;60.4300;24.4900;21.3700;43.0400;33.1000;36.5000;27.9300;6.2200;4.1200;8.3100;5.0500;41.1900;14.1700;38.7000;46.6500;42.9200;12.7600;16.8700;40.5200;1.4300;76.7200;21.6600;21.6600;15.5800;10.2800;0.6300;29.2000;24.7400;9.3600;17.6600;33.7200;40.1700;46.5600;38.3300;21.6600;45.9000;40.9700;64.5300;54.0300;31.5500;46.9700;0.0000;0.0000;0.0000;0.0000;0.0000;0.0000;0.0000;0.0000;0.0000;0.0000;0.0000;0.0000;0.0000;0.0000;0.0000;0.0000;0.0000;0.0000;0.0000;0.0000;0.0000;0.0000
56;0.0000;0.0000;0.0000;0.0000;0.0000;0.0000;0.0000;0.0000;0.0000;0.0000;0.0000;0.0000;60.4300;24.4900;21.3700;43.0400;33.1000;36.5000;27.9300;6.2200;4.1200;8.3100;5.0500;41.1900;14.1700;38.7000;46.6500;42.9200;12.7600;16.8700;40.5200;1.4300;76.7200;21.6600;21.6600;15.5800;10.2800;0.6300;29.2000;24.7400;9.3600;17.6600;33.7200;40.1700;46.5600;38.3300;21.6600;45.9000;40.9700;64.5300;54.0300;31.5500;46.9700;0.0000;0.0000;0.0000;0.0000;0.0000;0.0000;0.0000;0.0000;0.0000;0.0000;0.0000;0.0000;0.0000;0.0000;0.0000;0.0000;0.0000;0.0000;0.0000;0.0000;0.0000;0.0000
57;0.0000;0.0000;0.0000;0.0000;0.0000;0.0000;0.0000;0.0000;0.0000;0.0000;0.0000;0.0000;60.4300;24.4900;21.3700;43.0400;33.1000;36.5000;27.9300;6.2200;4.1200;8.3100;5.0500;41.1900;14.1700;38.7000;46.6500;42.9200;12.7600;16.8700;40.5200;1.4300;76.7200;21.6600;21.6600;15.5800;10.2800;0.6300;29.2000;24.7400;9.3600;17.6600;33.7200;40.1700;46.5600;38.3300;21.6600;45.9000;40.9700;64.5300;54.0300;31.5500;46.9700;0.0000;0.0000;0.0000;0.0000;0.0000;0.0000;0.0000;0.0000;0.0000;0.0000;0.0000;0.0000;0.0000;0.0000;0.0000;0.0000;0.0000;0.0000;0.0000;0.0000;0.0000;0.0000
58;0.0000;0.0000;0.0000;0.0000;0.0000;0.0000;0.0000;0.0000;0.0000;0.0000;0.0000;0.0000;60.4300;24.4900;21.3700;43.0400;33.1000;36.5000;27.9300;6.2200;4.1200;8.3100;5.0500;41.1900;14.1700;38.7000;46.6500;42.9200;12.7600;16.8700;40.5200;1.4300;76.7200;21.6600;21.6600;15.5800;10.2800;0.6300;29.2000;24.7400;9.3600;17.6600;33.7200;40.1700;46.5600;38.3300;21.6600;45.9000;40.9700;64.5300;54.0300;31.5500;46.9700;0.0000;0.0000;0.0000;0.0000;0.0000;0.0000;0.0000;0.0000;0.0000;0.0000;0.0000;0.0000;0.0000;0.0000;0.0000;0.0000;0.0000;0.0000;0.0000;0.0000;0.0000;0.0000
59;0.0000;0.0000;0.0000;0.0000;0.0000;0.0000;0.0000;0.0000;0.0000;0.0000;0.0000;0.0000;60.4300;24.4900;21.3700;43.0400;33.1000;36.5000;27.9300;6.2200;4.1200;8.3100;5.0500;41.1900;14.1700;38.7000;46.6500;42.9200;12.7600;16.8700;40.5200;1.4300;76.7200;21.6600;21.6600;15.5800;10.2800;0.6300;29.2000;24.7400;9.3600;17.6600;33.7200;40.1700;46.5600;38.3300;21.6600;45.9000;40.9700;64.5300;54.0300;31.5500;46.9700;0.0000;0.0000;0.0000;0.0000;0.0000;0.0000;0.0000;0.0000;0.0000;0.0000;0.0000;0.0000;0.0000;0.0000;0.0000;0.0000;0.0000;0.0000;0.0000;0.0000;0.0000;0.0000
60;0.0000;0.0000;0.0000;0.0000;0.0000;0.0000;0.0000;0.0000;0.0000;0.0000;0.0000;0.0000;60.4300;24.4900;21.3700;43.0400;33.1000;36.5000;27.9300;6.2200;4.1200;8.3100;5.0500;41.1900;14.1700;38.7000;46.6500;42.9200;12.7600;16.8700;40.5200;1.4300;76.7200;21.6600;21.6600;15.5800;10.2800;0.6300;29.2000;24.7400;9.3600;17.6600;33.7200;40.1700;46.5600;38.3300;21.6600;45.9000;40.9700;64.5300;54.0300;31.5500;46.9700;0.0000;0.0000;0.0000;0.0000;0.0000;0.0000;0.0000;0.0000;0.0000;0.0000;0.0000;0.0000;0.0000;0.0000;0.0000;0.0000;0.0000;0.0000;0.0000;0.0000;0.0000;0.0000
61;0.0000;0.0000;0.0000;0.0000;0.0000;0.0000;0.0000;0.0000;0.0000;0.0000;0.0000;0.0000;60.4300;24.4900;21.3700;43.0400;33.1000;36.5000;27.9300;6.2200;4.1200;8.3100;5.0500;41.1900;14.1700;38.7000;46.6500;42.9200;12.7600;16.8700;40.5200;1.4300;76.7200;21.6600;21.6600;15.5800;10.2800;0.6300;29.2000;24.7400;9.3600;17.6600;33.7200;40.1700;46.5600;38.3300;21.6600;45.9000;40.9700;64.5300;54.0300;31.5500;46.9700;0.0000;0.0000;0.0000;0.0000;0.0000;0.0000;0.0000;0.0000;0.0000;0.0000;0.0000;0.0000;0.0000;0.0000;0.0000;0.0000;0.0000;0.0000;0.0000;0.0000;0.0000;0.0000
